-0.0294700931983197	1.4140317842297623
-0.05382113107846007	2.8304855686133057
-0.07339797222230418	4.248813170424047
-0.08840270635598979	5.6688060813418355
-0.09905835459138426	7.090319520150559
-0.10562780803517086	8.513222592459531
-0.10841340100423759	9.937382297558562
-0.107750112989835	11.362658858262888
-0.1039961889205078	12.788906006752628
-0.09752298389627033	14.215973588972354
-0.08870513916729168	15.643711091999462
-0.07791179567450521	17.071971265210934
-0.0654992472105974	18.50061334462157
-0.05180519265174887	19.92950562437637
-0.03714456524760502	21.358527285944575
-0.021806796618352286	22.78756950709183
-0.006054306737759843	24.21653593899479
0.009878012700014144	25.64534267102686
0.025782548755909584	27.073917809308597
0.04147815598730114	28.502200786228276
0.05676870507569968	29.930135014970432
0.07159558353839257	31.357693096652916
0.08581460789753495	32.7848366380738
0.09933640945865722	34.21154130069123
0.11209056350111592	35.637789438816796
0.12402398858489505	37.06356925116883
0.1350994142275798	38.48887400586498
0.14529393313899366	39.91370134248232
0.15459764647515742	41.33805265058198
0.1630124050284751	42.76193252142689
0.17055064560402455	44.18534826780148
0.17723431919391278	45.60830950612836
0.18309390607707082	47.030827794635876
0.1881675120535254	48.45291632140497
0.1925000396092818	49.87458963643151
0.19614242774180385	51.295863422224244
0.1991509543739403	52.716754297885004
0.20158659549766894	54.13727965228851
0.2035144356922287	55.557457502273536
0.205003125003586	56.977306372453384
0.20612437773148365	58.39684519347243
0.2069525090582123	59.81609321613003
0.207564005960006	61.23506993904276
0.20803712926836176	62.6537950478315
0.20845154410430566	64.0722883642197
0.20888797639150844	65.49056980345928
0.20942789339778403	66.90865933887504
0.21015320660407735	68.32657697252205
0.21114599550204846	69.744342710887
0.21248825112237643	71.16197654496777
0.21426163834368972	72.5794984339359
0.21654727616168848	73.99692829198064
0.21942553533361978	75.4142859775466
0.2229758528159745	76.83159128482161
0.22727656260997472	78.2488639369227
0.23240474262942845	79.66612358050703
0.23843607727014393	81.08338978162057
0.24544473539871445	82.50068202232774
0.25350326343376905	83.91801969825426
0.2626824932441782	85.33542211651573
0.27305146449950685	86.7529084942366
0.2846773611308569	88.17049795724498
0.29762546146844826	89.58820953906616
0.31195910161057433	91.00606218000567
0.32773965150134216	92.42407472636668
0.3450265031706308	93.84226592965557
0.36387707051431134	95.26065444582883
0.3843467999702392	96.67925883451353
0.4064891913876466	98.09809755818719
0.4303558283697517	99.51718898134067
0.4559964173248304	100.93655136963218
0.48247610187109524	102.44566343620694
0.5125356265406431	103.86694863235438
0.5445324793529843	105.28856064012757
0.5785045767272576	106.71051998247576
0.6144894567362732	108.1328475417769
0.6526257906753338	109.5555668216341
0.6927370970967545	110.97869351753849
0.7349680100960605	112.40225145698653
0.779351963416765	113.82626154217579
0.8259213437955746	115.2507445732352
0.8747075444642021	116.67572123130239
0.9257410359467921	118.10121206682086
0.9790514428221231	119.52723749136857
1.0346676231303409	120.9538177722655
1.0926177486417465	122.38097302904859
1.1529293848955846	123.80872323191093
1.2156295701731608	125.23708820131523
1.2807448927785121	126.66608760874128
1.3483015663012548	128.0957409785924
1.4183255023308332	129.5260676906909
1.4908423804874331	130.9570869835661
1.565877715509641	132.3888179582979
1.6434569212498418	133.8212795828228
1.723605371490651	135.25449069676714
1.806348457444972	136.68847001637747
1.8917116419744096	138.12323613996588
1.9797205104404718	139.55880755343043
2.0704008182421094	140.99520263610128
2.16377853497662	142.43243966645574
2.2598798853478526	143.8705368281521
2.358731386830785	145.30951221612273
2.4603598840692618	146.74938384241486
2.5647925802308524	148.19016964243292
2.672057065176438	149.631887480703
2.782181340736309	151.07455515702816
2.895193842933825	152.51819041210825
3.0111234614628337	153.96281093349342
3.1299995563019283	155.4084343611321
3.251851971614056	156.85507829278012
3.3767110470928228	158.30276028953875
3.5046076266704977	159.75149788096223
3.6355730647325823	161.20130856998665
3.769639230012803	162.65220983796777
3.906838507056026	164.10421914924356
4.047203795401042	165.55735395549064
4.190768506666055	167.0116317001797
4.337566559380821	168.46706982248327
4.487632371806033	169.9236857611363
4.641000852747766	171.38149695807488
4.797707390359028	172.8405208616709
4.957732295919158	174.30077357266245
5.121227203329305	175.76227542313595
5.288169289209496	177.2250423902943
5.458595641349027	178.68909197690763
5.632543744405802	180.15444170586778
5.810051458495491	181.62110912199677
5.991156996341429	183.08911179380397
6.175898898972698	184.558467315006
6.364316009940838	186.02919330560016
6.5564474483855735	187.5013074131069
6.752332580658537	188.9748273131639
6.95201099083461	190.44977071008515
7.155522450072232	191.9261553371432
7.362906884927915	193.40399895665962
7.574204344567464	194.8833193596425
7.789454967259548	196.36413436563475
8.00869894580291	197.84646182189508
8.231976492274775	199.33031960257352
8.459327802073403	200.81572560767142
8.690793017209232	202.302697761547
8.926412189275643	203.79125401168355
9.166225241709428	205.2814123267757
9.410271931795924	206.77319069489943
9.658591812200665	208.26660712118718
9.911224192560127	209.76167962581127
10.16820810059595	211.25842624128188
10.429582243389783	212.7568650098657
10.695384968477583	214.2570139805171
10.965654225332592	215.7588912061722
11.24042752676079	217.26251474035263
11.519741910738677	218.76790263393696
11.803633902433113	220.27507293145325
12.09213947696407	221.78404366779426
12.385294022426123	223.29483286429965
12.683285481820189	224.8074602186244
12.985860646083191	226.32194050306273
13.293188190899865	227.8382931966232
13.605300783626443	229.35653622586977
13.922230327198701	230.87668748356228
14.244007928057181	232.39876482411933
14.57066386514358	233.92278605900032
14.902227560358826	235.44876895259387
15.23872754991702	236.97673121748932
15.580191456957035	238.50669050969083
15.926645965809586	240.03866442438877
16.2781167973082	241.57267049111653
16.634628685514425	243.10872616887985
16.996205356289213	244.64684884195816
17.36286950678787	246.18705581468046
17.734642787072453	247.729364307244
18.11154578289656	249.27379145085874
18.49359800006822	250.8203542829054
18.88081785082903	252.3690697428486
19.273222641232508	253.91995466710398
19.670828560818787	255.4730257851283
20.073650673241982	257.028299714375
20.481702909171577	258.5857929564408
20.89499806038641	260.14552189252845
21.313547775482917	261.70750277897673
21.737362557621314	263.2717517436547
22.16645176318739	264.83828478126907
22.600823602731584	266.40711775003393
23.040485142706597	267.9782663671582
23.485442309443037	269.55174620573484
23.935699893839658	271.12757269042925
24.39126155823571	272.7057610946087
24.852129843899505	274.2863265362465
25.31830618063062	275.8692839753074
25.78979089686996	277.4546482098843
26.266583231841732	279.0424338738517
26.748681348086237	280.63265543324667
27.236082345934612	282.2253271842011
27.728782278248435	283.8204632495755
28.226776167005088	285.41807757717703
28.730058020018774	287.0181839366548
29.23862084939978	288.6207959180073
29.752456690027365	290.22592692874093
30.271556619641927	291.83359019267226
30.79591077888133	293.4437987474481
31.325508392498566	295.05656544314985
31.860337791210327	296.6719029410635
32.40038643352479	298.28982371158105
32.945640928901	299.910340033743
33.49608706043554	301.5334639933004
34.05170980883339	303.1592074825429
34.61249337578049	304.7875821986105
35.178421208504425	306.4185996436004
35.74947602361673	308.0522711231211
36.32563983205235	309.68860774666797
36.90689396317835	311.3276204264124
37.493219089911015	312.9693198778355
38.084595252907924	314.6137166187422
38.68100188567463	316.26082097014
39.282417838723426	317.91064305558206
39.88882140420327	319.56319280171164
40.5001903404118	321.21847993894454
41.116501895490586	322.87651400109036
41.7377328318482	324.53730432681044
42.3638594493141	326.2008600593075
42.99485760910379	327.86719014798877
43.63070275631492	329.53630334831934
44.271369943266926	331.20820822367716
44.91683385138279	332.8829131453593
45.567068813751234	334.5604262946118
46.22204883625034	336.240755662775
46.881747619312186	337.92390905347804
47.54613857820317	339.60989408290584
48.215194863927806	341.2987181821459
48.88888938260919	342.99038859756513
49.567194815481585	344.6849123932922
50.25008363732901	346.3822964516932
50.937528135530215	348.0825474759777
51.62950042752334	349.7856719907573
52.325972478878704	351.4916763447648
53.0269161197703	353.20056671148353
53.73230306206281	354.91234909196675
54.442104914779506	356.6270293155261
55.156293200198505	358.3446130426401
55.87483936831817	360.06510576568934
56.59771481196521	361.78851281194414
57.32489088026551	363.5148393443363
58.05633889277582	365.24409036451436
58.7920301519733	366.9762707136411
59.53193595643037	368.71138507551086
60.27602761234105	370.44943797735755
61.02427644576309	372.1904337930279
61.77665381320786	373.9343767437938
62.53313111290037	375.6812709014153
63.293679794836734	377.43112018971385
64.05827137041929	379.18392838614534
64.82687742239663	380.93969912489723
65.59946961326426	382.69843589770153
66.3760196944645	384.46014205710765
67.1564995139618	386.2248208172723
67.94088102458056	387.992475257094
68.72913629118341	389.76310832177325
69.52123749748925	391.53672282436304
70.31715695328758	393.31332144890627
71.1168671001437	395.09290675116466
71.92034051800972	396.8754811619231
72.72754993024093	398.66104698767606
73.53846820947868	400.4496064137678
74.35306838242467	402.2411615058732
75.1713236343084	404.03571421145574
75.99320731386562	405.83326636289286
76.81869293682243	407.6338196780575
77.64775419032014	409.43737576343244
78.4803649362614	411.2439361155041
79.31649921439825	413.0535021221282
80.15613124591249	414.8660750654447
80.99923543601548	416.681656123215
81.84578637632549	418.5002463701243
82.69575884784216	420.32184678084457
83.54912782246674	422.14645823040297
84.4058684655742	423.97408149722605
85.2659561375466	425.80471726435957
86.12936639511658	427.6383661206599
86.99607499329682	429.4750285636172
87.86605788637006	431.31470500050744
88.73929122871158	433.1573957495134
89.61575137622708	435.0031010425051
90.49541488686422	436.85182102612015
91.37825852097824	438.7035557628126
92.26425924234064	440.55830523359026
93.15339421823325	442.41606933902165
94.04564081941514	444.2768479002116
94.94097662075913	446.1406406614933
95.83937940098454	448.0074472913649
96.74082714227704	449.87726738338586
97.64529803060712	451.7501004588311
98.55277045514997	453.62594596754917
99.46322300760745	455.50480328878564
100.3766344822559	457.38667173379474
101.29298387500683	459.27155054642054
102.21225038292839	461.1594389048653
103.13441340315842	463.05033592221776
104.05945253264123	464.94424064900033
104.98734756699241	466.8411520738632
105.91807849928972	468.7410691242338
106.85162551963965	470.6439906688328
107.78796901385726	472.549915518291
108.7270895620891	474.4588424257264
109.66896793823352	476.37077008922665
110.6135851083754	478.2856971521742
111.56092222974593	480.2036222048412
112.51096064907311	482.1245437846611
113.46368190184592	484.04846037865804
114.41906771059449	485.9753704236792
115.37709998371122	487.90527230792196
116.33776081366648	489.83816437111295
117.30103247616127	491.7740449068882
118.26689742829213	493.71291216293696
119.23533830727354	495.65476434246244
120.20633792855679	497.59959960427125
121.17987928490714	499.54741606511243
122.15594554448639	501.49821179972906
123.13452004951137	503.4519848422621
124.11558631430617	505.40873318625205
125.0991280243323	507.36845478693675
126.08512903422117	509.3311475612219
127.07357336639238	511.29680938902555
128.0644452090646	513.265438113195
129.057728915268	515.2370315417747
130.05340900084406	517.2115874478889
131.05147014294795	519.1891035707961
132.05189717854705	521.1695776169323
133.05467510241738	523.1530072597307
134.05978906614865	525.1393901418455
135.06722437613826	527.1287238749406
136.0769664921996	529.1210060409259
137.08900102555208	531.1162341916947
138.103313737832	533.1144058513293
139.11989053917594	535.1155185158102
140.13871748661626	537.1195696539572
141.15978078269532	539.1265567083582
142.18306677345635	541.1364770950206
143.20856194751354	543.1493282055447
144.23625293407736	545.16510740675
145.26612650151426	547.1838120415539
146.2981695559181	549.2054394298502
147.33236913915357	551.2299868680725
148.3687124279832	553.2574516313472
149.40718673212945	555.2878309730337
150.4477794928856	557.3211221255557
151.4904782816283	559.3573223009595
152.5347181939261	561.3964327659879
153.58159910702184	563.4384425809511
154.63054943288455	565.4833529374104
155.68155724976228	567.5311609712979
156.73461075872274	569.5818638008097
157.78969828234824	571.6354585271747
158.846808262885	573.6919422340528
159.90592926151905	575.7513119896496
160.96704995655224	577.8135648460957
162.03015914214546	579.8786978401783
163.09524572696625	581.9467079937936
164.16229873296137	584.0175923146686
165.2313072935757	586.0913477956748
166.3022606531193	588.1679714169358
167.37514816501192	590.2474601451208
168.44995929060946	592.3298109341359
169.52668359793068	594.4150207255246
170.60531076039413	596.5030864488604
171.68583055569005	598.5940050224199
172.76823286407966	600.6877733524078
173.85250766787232	602.7843883350569
174.93864504975392	604.8838468558378
176.02663519170872	606.9861457901019
177.11646837383984	609.0912820034316
178.20813497320088	611.1992523519796
179.3016254627617	613.3100536831046
180.3969304097943	615.4236828345074
181.49404047545278	617.5401366363367
182.59294641318957	619.659411910317
183.69363906776917	621.781505470353
184.79610937418175	623.9064141228328
185.90034835656584	626.034134666926
187.0063471272669	628.164663895178
188.11409688530495	630.2979985925738
189.22358891606092	632.4341355386506
190.3348145897678	634.57307150655
191.4477653606204	636.7148032635886
192.56243276577553	638.8593275715249
193.67880842436114	641.0066411868133
194.79688403650414	643.1567408608579
195.91665138248837	645.3096233405754
197.0381023213071	647.4652853673718
198.16122879046793	649.6237236792784
199.28602280456835	651.7849350099173
200.412476454501	653.9489160890461
201.54058190655158	656.1156636427803
202.67033140150352	658.2851743938133
203.80171725375536	660.4574450616284
204.93473185044996	662.6324723627093
206.0693676507406	664.8102530110708
207.20561718443375	666.9907837171555
208.3434730519129	669.1740611899887
209.482927922803	671.3600821360651
210.62397453527927	673.5488432598637
211.7666056952596	675.7403412640346
212.91081427561107	677.9345728495778
214.0565932153606	680.1315347160219
215.20393551892047	682.3312235615972
216.35283425532154	684.5336360834062
217.50328255758902	686.7387689779287
218.65527362146904	688.946618939829
219.80880070548193	691.1571826641494
220.96385712966787	693.3704568451103
222.12043627500125	695.5864381766022
223.2785315826821	697.8051233523364
224.43813655343465	700.0265090659891
225.5992447468203	702.2505920113477
226.7618497805541	704.4773688824507
227.92594532983244	706.7068363737228
229.09152512680498	708.9389911804636
230.25858295937795	711.173829997572
231.42711267137932	713.4113495217845
232.59710816138025	715.6515464503954
233.76856338219847	717.8944174817302
234.94147234027855	720.1399593152687
236.11582909507757	722.3881686517618
237.29162775845901	724.6390421933467
238.46886249409516	726.8925766436606
239.64752751687723	729.1487687079505
240.82761709233372	731.4076150931836
242.00912553605457	733.6691125081503
243.19204721326435	735.9332576639346
244.37637653770204	738.2000472725521
245.56210797190934	740.469478049245
246.74923602612432	742.7415467111135
247.93775525788232	745.0162499775764
249.12766027148763	747.2935845704678
250.3189457174852	749.5735472141213
251.51160629214564	751.8561346354618
252.70563673695264	754.1413435640927
253.90103183810035	756.4291707323787
255.09778642599298	758.7196128755292
256.295895374756	761.0126667316774
257.49535360175025	763.308329041963
258.6961560670924	765.6065965506049
259.8982977733289	767.9074660053619
261.1017737643866	770.2109341560742
262.30657912598605	772.5169977570315
263.51270898460416	774.825653565513
264.72015850717224	777.1368983422385
265.9289229006314	779.4507288514353
267.1389974114972	781.7671418609041
268.3503773254258	784.0861341420795
269.56305796678976	786.4077024700973
270.77703469825707	788.7318436238529
271.9923029203744	791.0585543860584
273.2088580711589	793.3878315433051
274.42669562569307	795.7196718861154
275.64581109572333	798.0540722090009
276.8662000292692	800.3910293105164
278.0878580103827	802.7305399937126
279.31078065815603	805.072601064577
280.5349636272561	807.417209334503
281.76040260694	809.7643616187233
282.9870933208361	812.1140547367618
284.2150315265811	814.4662855124812
285.44421301545833	816.8210507741278
286.6746336120387	819.17834735437
287.90628917383367	821.5381720903501
289.139175590945	823.9005218237189
290.37328878572106	826.2653934006769
291.6086247124208	828.6327836720162
292.8451793568782	831.00268949316
294.08294873616984	833.3751077241924
295.3219288982923	835.7500352299046
296.5621159218383	838.1274688798237
297.8035059156787	840.5074055482481
299.04609501864866	842.8898421142833
300.2898793992362	845.2747754618706
301.5348552554392	847.6622024802494
302.7810188138184	850.0521200622771
304.0283663301622	852.4445251070229
305.2768940885497	854.8394145180847
306.5265984012198	857.23678520405
307.777475608284	859.636634078519
309.02952207743976	862.0389580601313
310.28273420369175	864.4437540725926
311.537108409075	866.8510190447004
312.7926411423767	869.2607499103624
314.04932887887225	871.6729436086295
315.3071681200509	874.0875970837074
316.56615539335735	876.5047072849889
317.82628725192615	878.924271167065
319.08756027432764	881.346285689753
320.34997106431194	883.7707478181125
321.6135162505553	886.1976545224633
322.87819248641614	888.6270027784082
324.14399644968523	891.0587895668466
325.4109248423453	893.4930118739918
326.6789743903315	895.9296666913906
327.94814184329346	898.3687510159352
329.21842397436217	900.8102618498817
330.4898175800889	903.2541962013179
331.7623194795359	905.7005510823559
333.0359265150729	908.149323511881
334.31063555147165	910.6005105137384
335.58644347585636	913.0541091172024
336.8633471974868	915.5101163569906
338.1413436475431	917.9685292732743
339.4204297789126	920.4293449116888
340.7006025659783	922.8925603233397
341.98185900441564	925.3581725648229
343.2641961109819	927.826178698222
344.54761092331825	930.2965757911267
345.8321004997458	932.7693609166354
347.1176619190694	935.2445311533661
348.4042922803817	937.7220835854615
349.69198870286976	940.2020153026004
350.9807483256237	942.6843233999996
352.27056830744544	945.1690049784193
353.5614458266677	947.656057144177
354.8533780809627	950.1454770091426
356.1463622871656	952.6372616907531
357.4403956810889	955.1314083120083
358.73547551734725	957.6279140014799
360.0315990691812	960.1267758933169
361.3287636282818	962.6279911272444
362.62696650461874	965.1315568485714
363.9262050262701	967.6374702081893
365.2264765392537	970.1457283625767
366.52777840736275	972.6563284738039
367.8301080121802	975.1692677100208
369.13346275218834	977.684543243496
370.4378400437042	980.2021522535672
371.74323731998686	982.7220919246719
373.04965203126704	985.2443594468464
374.3570816445883	987.7689520157196
375.66552364365407	990.2958668325159
376.9749755286784	992.8251011040555
378.2854348162315	995.3566520427514
379.596899039095	997.8905168666126
380.9093657461112	1000.4266927992354
382.2228325020421	1002.9651770698111
383.53729688742294	1005.5059669131208
384.8527564984189	1008.0490595695267
386.16920894668937	1010.5944522849824
387.4866518592437	1013.1421423110204
388.80508287830804	1015.6921269047557
390.1244996611859	1018.2444033288772
391.4448998801271	1020.7989688516502
392.7662812221923	1023.35582074691
394.0886413891227	1025.9149562940586
395.4119780972097	1028.4763727780605
396.7362890771674	1031.0400674894431
398.06157207400287	1033.6060377242845
399.38782484689295	1036.1742807842154
400.7150451690585	1038.744793976414
402.0432308276422	1041.317574613599
403.3723796235855	1043.892620014025
404.7024893715086	1046.4699275014802
406.0335578995916	1049.0494944052741
407.3655830494578	1051.6313180602433
408.69856267605525	1054.2153958067368
410.03249464754106	1056.8017249906102
411.36737684517	1059.3903029632272
412.7032071631782	1061.981127081444
414.0399835086752	1064.5741947076115
415.37770380152966	1067.169503209563
416.7163659742618	1069.767049960609
418.05596797193715	1072.3668323395336
419.3965077520557	1074.9688477305826
420.73798328444866	1077.5730935234617
422.0803925511733	1080.1795671133227
423.4237335464085	1082.7882659007655
424.76800427655644	1085.3991872923705
426.113202759327	1088.0123286984997
427.45932702485754	1090.627687536583
428.8063751148004	1093.245261228913
430.1543450824271	1095.8650472031864
431.50323499253415	1098.4870428924987
432.85304292133986	1101.1112457353297
434.2037669563982	1103.7376531755442
435.5554051964978	1106.3662626623773
436.9079557515692	1108.9970716504238
438.2614167425955	1111.6300775996376
439.61578630151837	1114.2652779753164
440.97106257114905	1116.9026702480971
442.32724370507736	1119.5422518939438
443.6843278675861	1122.1840203941429
445.0423132335561	1124.8279732352837
446.4011979883902	1127.474107909268
447.7609803279178	1130.1224219132823
449.1216584583144	1132.7729127497983
450.48323059601614	1135.4255779265616
451.84569496763805	1138.080414956583
453.2090498098874	1140.7374213581245
454.57329336948686	1143.3965946546966
455.9384239030917	1146.0579323750455
457.30443967720925	1148.7214320531425
458.6713389681184	1151.3870912281723
460.03912006179485	1154.0549074445278
461.407781253831	1156.7248782518009
462.77732084935883	1159.3970012047655
464.14773716297395	1162.0712738633727
465.51902851866186	1164.7476937927404
466.8911932497216	1167.4262585631432
468.26422969869185	1170.1069657499995
469.63813621727866	1172.789812933863
471.0129111662836	1175.4747977004154
472.38855291552835	1178.1619176404477
473.7650598437914	1180.8511703498632
475.14243033872765	1183.5425534296503
476.52066279680656	1186.236064485886
477.8997556232419	1188.9317011297192
479.2797072319188	1191.629460977359
480.66051604533305	1194.3293416500687
482.0421804945177	1197.0313407741492
483.42469901898244	1199.735455980935
484.8080700666433	1202.4416849067754
486.19229209376203	1205.1500251930338
487.5773635648761	1207.8604744860654
488.9632829527413	1210.573030437216
490.35004873826387	1213.287690702806
491.7376594104393	1216.0044529441193
493.1261134662927	1218.723314827397
494.51540941081356	1221.4442740238203
495.9055457568979	1224.1673282095035
497.2965210252866	1226.8924750654812
498.68833374450685	1229.6197122776978
500.0809824508123	1232.3490375369975
501.4744656881251	1235.08044853911
502.86878200797867	1237.813942984645
504.26392996945714	1240.5495185790735
505.6599081391422	1243.2871730327206
507.05671509105747	1246.0269040607593
508.4543494066074	1248.7687093831883
509.85280967452746	1251.512586724831
511.2520944908265	1254.2585338153167
512.6522024587348	1257.0065483890758
514.0531321886468	1259.7566281853215
515.4548822980723	1262.508770948047
516.8574514115808	1265.2629744260068
518.2608381607491	1268.0192363727065
519.6650411841123	1270.777554546397
521.0700591271099	1273.5379267100561
522.4758906420359	1276.3003506313826
523.8825343879892	1279.0648240827802
525.2899890308227	1281.8313448413512
526.6982532430932	1284.599910688879
528.1073257040171	1287.3705194118259
529.5172050994153	1290.1431688013106
530.9278901216697	1292.9178566531054
532.339379469674	1295.694580767619
533.7516718487874	1298.4733389498917
535.1647659707859	1301.2541290095774
536.5786605538196	1304.0369487609346
537.9933543223627	1306.8217960228167
539.408846007171	1309.608668618659
540.8251343452355	1312.3975643764668
542.2422180797382	1315.1884811288062
543.6600959600089	1317.9814167127906
545.0787667414775	1320.7763689700678
546.4982291856376	1323.573335746817
547.918482059994	1326.3723148937231
549.3395241380292	1329.1733042659791
550.7613541991553	1331.976301723267
552.1839710286737	1334.7813051297483
553.6073734177351	1337.588312354054
555.0315601632967	1340.3973212692733
556.4565300680795	1343.2083297529368
557.8822819405327	1346.0213356870117
559.3088145947906	1348.8363369578915
560.7361268506316	1351.6533314563753
562.1642175334424	1354.4723170776672
563.5930854741755	1357.2932917213566
565.0227295093124	1360.1162532914143
566.4531484808261	1362.941199696175
567.8843412361399	1365.768128848329
569.3163066280936	1368.5970386649117
570.7490435149036	1371.4279270672896
572.1825507603819	1374.260791981842
573.6168272328774	1377.0956313371878
575.051871806772	1379.932443068313
576.4876833614262	1382.7712251138053
577.9242607813912	1385.611975416524
579.361602956382	1388.4546919235972
580.7997087812366	1391.2993725864058
582.2385771558834	1394.1460153605742
583.6782069853064	1396.9946182059598
585.1185971795097	1399.8451790866372
586.5597466534863	1402.6976959708954
588.0016543271807	1405.5521668312172
589.4443191254602	1408.4085896442775
590.8877399780769	1411.2669623909233
592.3319158196381	1414.1272830561704
593.7768455895734	1416.9895496291874
595.2225282321002	1419.8537601032847
596.6689626961968	1422.7199124759086
598.1161479355635	1425.588004748623
599.5640829085971	1428.4580349271046
601.0127665783579	1431.3300010211283
602.462197912538	1434.20390104456
603.9123758834314	1437.079733015339
605.3632994679027	1439.9574949554735
606.8149676473599	1442.837184891031
608.2673794077195	1445.7188008521173
609.7205337393815	1448.6023408728763
611.1744296371983	1451.4878029914762
612.6290661004431	1454.375185250093
614.084442132787	1457.2644856949114
615.5405567422637	1460.1557023761009
616.9974089412462	1463.0488333478152
618.454997746415	1465.9438766681753
619.9133221787328	1468.840830399264
621.3723812634147	1471.739692607108
622.8321740299024	1474.6404613616762
624.2926995118358	1477.543134736862
625.7539567470268	1480.4477108104757
627.2159447774303	1483.354187664231
628.6786626491214	1486.2625633837413
630.1421094122669	1489.1728360585028
631.6062841210976	1492.0850037818846
633.0711858338849	1494.9990646511214
634.5368136129141	1497.915016767299
636.0031665244577	1500.8328582353467
637.4702436387528	1503.7525871640285
638.9380440299739	1506.6742016659268
640.4065667762073	1509.5976998574376
641.8758109594299	1512.52307985876
643.3457756654797	1515.4503397938786
644.8164599840351	1518.3794777905628
646.28786300859	1521.3104919803504
647.75998383643	1524.2433804985424
649.2328215686069	1527.1781414841842
650.7063753099179	1530.1147730800644
652.18064416888	1533.0532734327003
653.6556272577069	1535.9936406923277
655.1313236922897	1538.9358730128934
656.6077325921673	1541.8799685520396
658.0848530805113	1544.8259254711022
659.5626842840965	1547.77374193509
661.0412253332835	1550.723416112684
662.5204753619972	1553.6749461762263
664.0004335076982	1556.628330301702
665.4810989113687	1559.5835666687367
666.962470717487	1562.540653460587
668.4445480740086	1565.4995888641283
669.92733013234	1568.4603710698427
671.4108160473227	1571.4229982718107
672.8950049772113	1574.3874686677057
674.3798960836493	1577.3537804587756
675.8654885316544	1580.3219318498436
677.3517814895912	1583.291921049286
678.8387741291576	1586.2637462690354
680.3264656253593	1589.2374057245602
681.8148551564942	1592.2128976348627
683.3039419041285	1595.1902202224626
684.7937250530792	1598.1693717133924
686.2842037913978	1601.1503503371905
687.7753773103427	1604.1331543268798
689.2672448043672	1607.1177819189695
690.7598054710992	1610.104231353443
692.2530585110185	1613.092500872939
693.7470031286429	1616.0825887259648
695.2416385307071	1619.0744931620616
696.7369639273434	1622.0682124350055
698.2329785317662	1625.0637448020025
699.7296815602514	1628.0610885236722
701.227072232117	1631.0602418640394
702.7251497697109	1634.06120309053
704.223913398387	1637.0639704739574
705.7233623464897	1640.0685422885097
707.2234958453374	1643.074916811747
708.7243131292045	1646.083092324592
710.2258134353036	1649.0930671113163
711.727996003768	1652.1048394595296
713.2308600776379	1655.1184076601846
714.7344049028363	1658.1337700075435
716.2386297281627	1661.1509247991964
717.743533805266	1664.1698703360278
719.2491163886357	1667.1906049222264
720.7553767355812	1670.2131268652636
722.2623141062178	1673.2374344758914
723.7699277634467	1676.2635260681259
725.2782169729476	1679.2913999592533
726.7871810031505	1682.3210544697995
728.2968191252319	1685.3524879235406
729.8071306130911	1688.385698647484
731.3181147433367	1691.4206849718596
732.8297707952746	1694.4574452301183
734.342098050887	1697.4959777589108
735.8550957948219	1700.5362808980924
737.368763314375	1703.5783529907037
738.8830998994763	1706.6221923829678
740.3981048426745	1709.667797424278
741.9137774391228	1712.7151664671946
743.4301169865632	1715.7642978674253
744.9471227853138	1718.8151899838335
746.4647941382531	1721.867841178412
747.9831303508028	1724.9222498162846
749.5021307309215	1727.978414265697
751.0217945890814	1731.0363328980047
752.5421212382603	1734.0960040876655
754.0631099939242	1737.157426212234
755.584760174018	1740.2205976523517
757.1070710989454	1743.2855167917348
758.6300420915618	1746.352182017172
760.1536724771537	1749.4205917185081
761.677961583432	1752.4907442886445
763.2029087405148	1755.562638123526
764.7285132809166	1758.6362716221354
766.2547745395301	1761.7116431864765
767.7816918536212	1764.7887512215812
769.3092645628069	1767.8675941354836
770.8374920090514	1770.9481703392298
772.3663735366462	1774.0304782468556
773.8959084921988	1777.1145162753785
775.4260962246259	1780.200282844806
776.9569360851322	1783.2877763781062
778.4884274272033	1786.3769953012127
780.0205696065933	1789.467938043015
781.55336198131	1792.5606030353458
783.0868039116042	1795.654988712977
784.6208947599591	1798.7510935136136
786.1556338910738	1801.8489158778739
787.6910206718583	1804.9484542493012
789.227054471413	1808.049707074338
790.7637346610253	1811.1526728023287
792.3010606141519	1814.2573498855045
793.8390317064104	1817.3637367789818
795.3776473155667	1820.471831940751
796.9169068215251	1823.5816338316733
798.4568096063124	1826.6931409154618
799.997355054073	1829.806351658687
801.5385425510524	1832.9212645307587
803.0803714855881	1836.0378780039273
804.6228412481005	1839.1561905532667
806.1659512310796	1842.2762006566786
807.7097008290712	1845.3979067948694
809.2540894386735	1848.5213074513542
810.7991164585205	1851.646401112448
812.3447812892739	1854.7731862672563
813.89108333361	1857.9016614076625
815.438021996212	1861.0318250283296
816.985596683757	1864.1636756266855
818.5338068049106	1867.297211702924
820.0826517703081	1870.4324317599821
821.6321309925526	1873.5693343035512
823.1822438861991	1876.707917842056
824.7329898677482	1879.848180886653
826.2843683556324	1882.990121951219
827.8363787702117	1886.1337395523549
829.3890205337564	1889.2790322093606
830.9422930704425	1892.425998444242