0.0010174903068108662	1.4149608292945368
0.0035372636855185305	2.832234806474898
0.007223396296899682	4.251237344328001
0.011951513226119807	5.671756441240529
0.017622756761271903	7.093664557716582
0.024131783774504503	8.516862656971094
0.03135872034128796	9.941259853590227
0.03916927724126174	11.366765092779465
0.04741832182458843	12.793284241012213
0.05595482795351981	14.220719930280623
0.06462706037927209	15.648972797854492
0.07328732310626399	17.07794332193097
0.08179590797049321	18.507533761443014
0.09002409678192823	19.937649910175196
0.09785621968332034	21.368202516742347
0.10519086500882789	22.79910831927062
0.11194138305924534	24.230290705870512
0.11803584010222447	25.6616800470279
0.12341657134646888	27.09321376145599
0.1280394622201179	28.524836179256795
0.13187306325564419	29.956498261126708
0.1348976196257361	31.388157223289777
0.1371040747146508	32.81977610803945
0.1384930888551996	34.25132333005124
0.1390829606534631	35.682779176235215
0.13887640726265313	37.1141104182315
0.13790432100853706	38.54530384463263
0.13619751810626912	39.9763451234247
0.1337924535202364	41.40722322452903
0.13073060062679925	42.83793008572751
0.1270578900627837	44.26846030925033
0.1228242024486542	45.698810887700496
0.11808290945417015	47.12898095741844
0.11289045774392788	48.558971577043565
0.10730599074431248	49.988785529132
0.10139100351682058	51.418427142591185
0.09520902646593292	52.84790213374208
0.08882533422735002	54.277217464230084
0.08230667637677425	55.706381213799276
0.07572102720964399	57.13540246641631
0.06913735216072012	58.56429120824891
0.06262538888430921	59.99305823615621
0.0562554413625591	61.421715075633614
0.05009818567451078	62.85027390704601
0.044224486392755294	64.27874749929825
0.038705222843784484	65.70714915019751
0.03361112459276905	67.13549263265875
0.029012615779255315	68.56379214616433
0.024979668102138405	69.99206227300844
0.021581662281427643	71.420317938642
0.01888725803355577	72.84857437578877
0.01696427263148933	74.2768470918901
0.01587956818682026	75.70515183954255
0.015698947798701398	77.13350458951264
0.016487060791278107	78.56192150614628
0.0183073172298042	79.99041892491913
0.021221811817145858	81.41901333169373
0.02529125742266573	82.84772134381046
0.030574928229842577	84.27655969250777
0.03713061260575073	85.70554520668904
0.04501457568222831	87.13469479789912
0.054281531521964486	88.56402544626538
0.06498462477201378	89.99355418744233
0.07717542154136822	91.42329810032359
0.09090390925864747	92.8532742955713
0.10621850514600571	94.28349990484563
0.123166072880665	95.71399207061573
0.1417919470400692	97.14476793668923
0.1621399647416352	98.57584463916044
0.21248146430652634	100.10089483375715
0.23659967184454225	101.53396996784959
0.2625163820739197	102.96739381439623
0.29029013941457765	104.40118688603853
0.3199684232508641	105.83536984678054
0.35159446894235424	107.26996341557938
0.385205866361836	108.70498827168785
0.4208399064701452	110.1404650766766
0.4585314086610542	111.57641441025258
0.49831362899606463	113.01285676051349
0.5402184974043185	114.44981250935557
0.5842768040403173	115.88730192102021
0.6305183541916557	117.3253451334855
0.6789721021599746	118.76396215182639
0.7296662703293926	120.20317284358246
0.7826284570772123	121.6429969356859
0.8378857357919257	123.08345401267015
0.8954647466227106	124.52456351604224
0.9553917819077182	125.96634474489355
1.017692865950509	127.40881685721307
1.0823938296918372	128.85199887211147
1.149520380609562	130.29590967272952
1.2190981681260984	131.74056800976143
1.291152844734662	133.18599250548806
1.3657101230716382	134.6322016583914
1.4427958289737792	136.0792138479212
1.5224359508131935	137.5270473398342
1.6046566851141026	138.97572029166193
1.6894844786673455	140.42525075855664
1.7769460671199955	141.87565669905712
1.8670685103102411	143.32695598121603
1.959879224386557	144.77916638883116
2.0554060107041985	146.2323056274606
2.1536770818498523	147.68639133087336
2.2547210845790073	149.1414410670531
2.3585671200773435	150.59747234458862
2.465244761378061	152.05450261872738
2.5747840681233716	153.5125492973418
2.6872155988692694	154.9716297470937
2.802570420734226	156.43176129902906
2.9208801168106846	157.89296125449223
3.042176791126649	159.35524689058397
3.166493071339084	160.81863546544457
3.2938621093486598	162.28314422365264
3.4243175796589034	163.74879040110991
3.5578936757472017	165.2155912299242
3.69462510434892	166.6835639428784
3.834547077935719	168.15272577802517
3.977636529536786	169.62309394209956
4.12405253823895	171.0946857804898
4.273767617777514	172.56751852665766
4.426818852795059	174.04160947861507
4.583243767810508	175.51697595798493
4.743080309208687	176.9936353130415
4.90636682555601	178.47160492127344
5.073142046568925	179.9509021920754
5.2434450604412755	181.43154456880194
5.417315289842376	182.9135495307555
5.594792466551866	184.3969345949199
5.775916604689661	185.8817173172299
5.960727972882084	187.3679152939938
6.149267065037813	188.8555461626476
6.341574570077591	190.344627602457
6.537691340584796	191.8351773349687
6.737658360326864	193.3272131239834
6.941516711033001	194.8207527757229
7.149307538064666	196.31581413830307
7.36107201536531	197.81241510118147
7.576851309655582	199.31057359436628
7.796686543821566	200.81030758714564
8.020618759925394	202.3116350870579
8.24868888143986	203.81457413815332
8.480937675163004	205.3191428193193
8.717405712595786	206.82535924208162
8.958133331262683	208.33324154869356
9.203160595589027	209.8428079095113
9.452527257720693	211.35407652046806
9.7062727181945	212.86706560003555
9.964435986874623	214.38179338652245
10.227055643734735	215.89827813465882
10.49416980000505	217.41653811232442
10.7658160594303	218.936591596774
11.042031480190387	220.4584568712591
11.322852537015962	221.98215222099668
11.60831508383817	223.50769592898064
11.898621157757518	225.03510636480053
12.193489347893621	226.56440161847542
12.493103387242298	228.09560002558402
12.79749627006569	229.62871981835517
13.106700191806794	231.16377920503905
13.420746516742337	232.700796365019
13.739665747048337	234.23978944441097
14.063487492735776	235.78077655102737
14.392240442818368	237.32377574926917
14.725952338136064	238.8688050556186
15.064649945000628	240.41588243310554
15.408359030792651	241.9650257867354
15.757104340655877	243.51625295822836
16.110909575688204	245.06958172073544
16.469797373054917	246.6250297742437
16.83378928710719	248.18261473994286
17.202905772685522	249.7423541556615
17.577166169665215	251.30426547062092
17.95658868915156	252.86836604021136
18.341190401736004	254.43467312154513
18.73098722682428	256.0032038679524
19.125993924295145	257.57397532472925
19.52622408717242	259.14700442374294
19.931690136639734	260.7223079793337
20.342403318034535	262.2999026830597
20.75837369917502	263.87980509978416
21.179610169613763	265.46203166258704
21.606120442194825	267.0465986690628
22.03791105546946	268.6335222764259
22.474987378367455	270.2228184980413
22.917353615643012	271.81450319874807
23.365012815513637	273.4085920916437
23.81796687797442	275.0051007336424
24.276216565230012	276.60404452253357
24.739761512690347	278.2054386927903
25.20860024199758	279.809298312917
25.68273017449574	281.41563828152164
26.16214764663342	283.0244733249622
26.64684792573358	284.63581799378875
27.136825227287776	286.24968666022806
27.63207273324341	287.8660935158472
28.132582610690122	289.4850525684057
28.638346032173803	291.10657764029196
29.149353195974324	292.73068236557333
29.665593347946842	294.35738018874724
30.18705480319097	295.9866843620796
30.71372496916898	297.61860794467015
31.24559036851884	299.25316380007735
31.782636663200275	300.89036459569525
32.32484867826797	302.53022280076203
32.87221042653077	304.1727506855206
33.424705133539476	305.8179603205508
33.982315262258005	307.46586357517015
34.54502253877287	309.1164721175758
35.1128079772445	310.76979741340296
35.68565190585812	312.42585072614935
36.2635339919049	314.0846431159844
36.84643326777832	315.7461854404456
37.434328156057944	317.4104883536
38.0271964950745	319.07756230642747
38.625015564356474	320.74741754735294
39.22776210930416	322.42006412172293
39.83541236655525	324.0955118731406
40.44794208813229	325.7737704430321
41.06532656635671	327.4548492722071
41.68754065734229	329.13875760061427
42.31455880528005	330.82550446911137
42.94635506531233	332.51509871939527
43.58290312702727	334.2075489959668
44.22417633656219	335.9028637462193
44.870147719277746	337.6010512225847
45.52079000106694	339.3021194828936
46.17607562981845	341.0060763920444
46.83597679643698	342.7129296237801
47.50046545472614	344.42268666121237
48.16951334175769	346.1353547993762
48.843091996698725	347.85094114573593
49.52117278018063	349.5694526228678
50.20372689210302	351.29089596905914
50.890725389981434	353.01527774110866
51.58213920571115	354.7426043150029
52.27793916288092	356.4728818888241
52.97809599248935	358.20611648348756
53.682580349223926	359.94231394574575
54.39136282613242	361.6814799489771
55.10441396987229	363.42361999627076
55.82170429434896	365.1687394212577
56.5432042949498	366.91684339126374
57.268884461165904	368.66793690817155
57.998715289831814	370.4220248116357
58.73266729675386	372.17911177996035
59.47071102898207	373.93920233336837
60.21281707547213	375.702300834885
60.958956078350376	377.4684114934998
61.7090987429978	379.2375383658174
62.46321584769737	381.0096853577114
63.22127825354173	382.7848562275208
63.98325691284071	384.56305458693225
64.74912287826096	386.34428390435437
65.5188473103885	388.1285475057762
66.29240148606283	389.915848578163
67.06975680513953	391.70619017028696
67.85088479798405	393.49957519596984
68.63575713184674	395.2960064357037
69.42434561688799	397.0954865382532
70.21662221258737	398.898018023897
71.01255903269727	400.7036032851779
71.81212835107289	402.5122445903104
72.61530260596464	404.3239440838803
73.42205440515345	406.13870379008085
74.23235653001554	407.9565256142244
75.04618193930243	409.77741134423877
75.86350377341195	411.60136265387393
76.68429535722902	413.4283811032862
77.50853020387598	415.2584681422308
78.33618201743128	417.0916251114801
79.16722469540603	418.9278532442115
80.00163233177868	420.7671536691683
80.83937921861992	422.6095274111057
81.68043984869756	424.4549753939306
82.52478891707715	426.3034984420046
83.37240132252441	428.15509728141257
84.2232521694446	430.00977254288205
85.07731676891628	431.86752476301433
85.9345706395476	433.7283543854808
86.79498950890267	435.59226176389467
87.65854931403189	437.4592471629682
88.52522620185889	439.3293107596347
89.39499653015086	441.2024526458735
90.26783686761675	443.07867282978964
91.14372399387803	444.9579712366604
92.02263490005099	446.84034771171207
92.90454678846751	448.7258020211244
93.78943707228606	450.61433385299637
94.67728337574093	452.50594282007893
95.56806353353858	454.4006284607016
96.46175559015958	456.2983902396583
97.35833779982467	458.1992275508967
98.25778862561314	460.10313971836473
99.1600867385026	462.01012599682065
100.06521101709535	463.92018557447847
100.973140546505	465.83331757377584
101.88385461716801	467.7495210521065
102.79733272437741	469.66879500442394
103.71355456696999	471.5911383639354
104.63250004595214	473.51655000275304
105.55414926387111	475.4450287344624
106.47848252324927	477.37657331451885
107.40548032550278	479.311182441918
108.33512336928986	481.24885475954045
109.26739254970079	483.1895888566559
110.20226895661627	485.13338326944904
111.13973387302123	487.0802364815013
112.07976877410591	489.03014692626556
113.0223553254297	490.9831129872911
113.9674753816032	492.9391329997687
114.91511098439838	494.8982052507015
115.86524436175226	496.86032798132896
116.81785792583327	498.82549938725606
117.7729342716422	500.7937176199365
118.73045617503888	502.7649807867475
119.69040659168742	504.7392869533712
120.65276865505477	506.71663414383147
121.61752567496151	508.697020341917
122.58466113555703	510.68044349116536
123.55415869423098	512.6669014972051
124.52600217957436	514.656392227706
125.50017558990345	516.648913513742
126.47666309120774	518.6444631496923
127.45544901605241	520.6430388955467
128.4365178615208	522.6446384767703
129.41985428773603	524.6492595856181
130.40544311579703	526.6568998809452
131.3932693266939	528.667556990489
132.38331805924923	530.6812285106506
133.3755746085311	532.697912007505
134.37002442437557	534.7176050178005
135.36665310921225	536.7403050486813
136.36544641709156	538.7660095799241
137.36639025162754	540.7947160636313
138.36947066456202	542.8264219254355
139.37423845357685	544.8611241767986
140.38155707811265	546.8988209695837
141.39097121338105	548.9395092626684
142.40246748812802	550.9831863811745
143.41603267118634	553.0298496270269
144.4316536694945	555.0794962785155
145.44931752713262	557.1321235924837
146.46901142336012	559.187728803866
147.49072267117117	561.2463091265331
148.5144387158625	563.3078617541325
149.54014713309863	565.3723838595655
150.56783562802295	567.4398725971622
151.59749203334493	569.5103251021317
152.62910430796123	571.583738491366
153.66266053548347	573.6601098639533
154.69814892288534	575.7394363019628
155.73555779863736	577.8217148698324
156.7748756119074	579.9069426165222
157.81609093072183	581.9951165748815
158.8591924406676	584.0862337623942
159.90416894350187	586.1802911816382
160.95100935588295	588.2772858210204
161.99970270758126	590.3772146540788
163.05023814077273	592.4800746416245
164.10260490827756	594.5858627310259
165.15679237234676	596.6945758569091
166.2127900033576	598.8062109415656
167.27058737862944	600.9207648956426
168.33017418071296	603.0382346173662
169.39154019677787	605.1586169946792
170.45467531693112	607.2819089044478
171.51956953308706	609.4081072131199
172.58621293775022	611.5372087770897
173.6545957229161	613.6692104433494
174.72470817843472	615.8041090486325
175.79654069149916	617.9419014215617
176.87008374503307	620.0825843817755
177.94532791665156	622.2261547405553
179.02226387752376	624.3726093011481
180.1008823912458	626.5219448590749
181.18117431284514	628.6741582027515
182.26313058722764	630.8292461125471
183.34674224877546	632.9872053629396
184.43200041982018	635.1480327215648
185.51889630969947	637.311724949808
186.60742121371132	639.4782788030806
187.69756651208206	641.6476910310935
188.78932366894674	643.8199583781216
189.88268423145837	645.9950775835822
190.97763982833024	648.1730453810165
192.07418216954957	650.3538585002514
193.17230304494458	652.5375136663686
194.2719943233429	654.7240076002653
195.37324795162684	656.9133370188856
196.4760559538005	659.1054986354535
197.58041043006898	661.3004891596969
198.68630355604617	663.4983052983968
199.79372758138314	665.6989437542868
200.90267482959447	667.9024012282408
202.01313769670818	670.1086744181634
203.12510865051993	672.3177600195202
204.23858022974193	674.5296547255382
205.35354504316032	676.7443552273992
206.46999576880532	678.9618582144317
207.58792515325254	681.1821603746358
208.70732601032591	683.4052583935053
209.82819122103191	685.6311489562493
210.95051373228245	687.8598287466051
212.0742865562383	690.091294447349
213.19950276954265	692.3255427404665
214.32615551256146	694.5625703073136
215.45423798863652	696.8023738287784
216.58374346334662	699.0449499854394
217.71466526378074	701.2902954577195
218.8469967779413	703.538406926387
219.98073145353544	705.789281071295
221.1158627980261	708.0429145736404
222.25238437743934	710.2993041146945
223.3902898158087	712.558446376295
224.52957279449916	714.820338040979
225.67022705154682	717.0849757921177
226.8122463809996	719.3523563140438
227.955624632273	721.6224762921802
229.10035570951015	723.8953324131612
230.24643357108093	726.1709213653219
231.39385222844416	728.4492398373529
232.5426057463082	730.7302845206101
233.69268824150925	733.0140521077667
234.8440938825419	735.3005392932864
235.99681688897053	737.5897427735372
237.15085153084615	739.8816592468924
238.30619212813266	742.1762854138381
239.46283305013867	744.4736179770703
240.6207687149597	746.7736536415996
241.77999358892438	749.0763891148432
242.94050218618412	751.3818211071028
244.1022890676406	753.689946330134
245.26534884121597	756.0007614995203
246.42967616079554	758.3142633332408
247.59526572584275	760.6304485521333
248.76211228089076	762.9493138799835
249.93021061503742	765.2708560436045
251.09955556144854	767.5950717729175
252.27014199686784	769.9219578010329
253.44196484113164	772.2515108643248
254.61501905669166	774.5837277025063
255.7892996481419	776.9186050587037
256.96480166175564	779.2561396795288
258.14152018516165	781.5963283155447
259.31945034633833	783.9391677197456
260.4985873139962	786.2846546500073
261.67892629658047	788.6327858675613
262.8604625419772	790.9835581374612
264.0431913370767	793.3369682286352
265.22710800735507	795.6930129139574
266.4122079164487	798.0516889702985
267.5984864657438	800.4129931785867
268.7859390939656	802.7769223238645
269.97456127677503	805.1434731953408
271.1643485263705	807.5126425864471
272.3552963910943	809.884427294888
273.54740045504394	812.258824122692
274.74065633768726	814.6358298762598
275.93505969363247	817.0154413668339
277.13060621167267	819.3976554088731
278.3272916152844	821.7824688225995
279.52511166168637	824.16987843238
280.7240621416227	826.5598810671804
281.92413887901006	828.9524735606144
283.1253377305843	831.3476527509778
284.3276545855563	833.7454154812939
285.5310853652694	836.1457585993504
286.7356260228614	838.5486789577368
287.94127254293073	840.9541734138794
289.14802094120824	843.3622388300806
290.35586726423355	845.7728720735554
291.56480758903047	848.1860700164568
292.77483802279335	850.6018295359175
293.9859547025711	853.0201475140758
295.1981537951117	855.4410208385485
296.4114314959532	857.8644464007069
297.6257840300251	860.2904210983346
298.8412076507478	862.7189418339009
300.05769863989303	865.1500055150343
301.27525330728747	867.5836090545381
302.4938679905312	870.0197493704255
303.71353905471136	872.4584233859392
304.9342628921234	874.8996280295768
306.15603592199363	877.3433602351164
307.3788545902087	879.7896169416354
308.6027153690423	882.238395093535
309.8276147568936	884.6896916405633
311.05354927801784	887.1435035378273
312.2805154822732	889.5998277458257
313.50850994485825	892.058661230454
314.73752926606267	894.5200009630344
315.96757007101417	896.9838439203274
317.1986290094314	899.4501870845482
318.4307027555389	901.9190274438535
319.6637880071912	904.3903619904927
320.89788148658346	906.8641877236125
322.13297993938426	909.340501647415
323.3690801346588	911.8193007716341
324.6061788646409	914.3005821115506
325.84427294450404	916.7843426880046
327.08335921213546	919.2705795274029
328.3234345279192	921.7592896617426
329.56449577451076	924.2504701286103
330.80653985662326	926.7441179711972
332.04956370081277	929.2402302383123
333.2935642552668	931.7388039843861
334.5385384895948	934.2398362694852
335.78448339462244	936.7433241593183
337.0313959821852	939.2492647252457
338.2792732849285	941.757655044284
339.52811235610693	944.2684921991173
340.77791026938837	946.7817732781025
342.0286641186573	949.297495375275
343.2803710178249	951.8156555903564
344.5330281006353	954.3362510287584
345.7866325204807	956.8592788015895
347.04118145021215	959.3847360256561
348.2966720821262	961.9126198239683
349.5531016271125	964.4429273237587
350.8104673154783	966.9756556594588
352.06876639609993	969.5108019707162
353.3279961364187	972.0483634029044
354.58815382226305	974.5883371071121
355.8492367576797	977.1307202401554
357.1112422647647	979.6755099645757
358.37416768349243	982.2227034486377
359.6380103715541	984.7722978663376
360.90276770419183	987.3242903973999
362.1684370740354	989.8786782272759
363.43501589094535	992.4354585471485
364.70250158185297	994.9946285539322
365.97089159060255	997.5561854502647
367.24018337779995	1000.1201264445184
368.51037442065655	1002.6864487507896
369.7814622128394	1005.2551495889019
371.0534442643215	1007.8262261844033
372.3263181012338	1010.399675768565
373.60008126571967	1012.9754955783793
374.87473131578844	1015.5536828565582
376.15026582517436	1018.1342348515265
377.42668238319465	1020.7171488174259
378.70397859460815	1023.3024220141065
379.9821520794801	1025.8900517071265
381.2612004730434	1028.480035167749
382.54112142556227	1031.0723696729337
383.82191260219975	1033.6670525053373
385.10357168306655	1036.2640809538457
386.38609636237044	1038.8634523114256
387.66948434936273	1041.4651638783323
388.9537333674939	1044.069212959963
390.23884115446674	1046.6755968673885
391.52480546210927	1049.2843129173486
392.8116240562541	1051.895358432246
394.09929471661184	1054.508730740139
395.3878152366541	1057.1244271747396
396.67718342348957	1059.7424450754036
397.96739709774874	1062.3627817871281
399.25845409346437	1064.9854346605428
400.550352257957	1067.610401051905
401.84308945171864	1070.2376783230904
403.13666354830076	1072.8672638415915
404.43107243420064	1075.4991549805056
405.7263140087511	1078.1333491185321
407.02238618400986	1080.7698436399603
408.31928688465115	1083.4086359346684
409.6170140478579	1086.0497233981093
410.915565623215	1088.6931034313097
412.2149395726041	1091.3387734408564
413.51513387010044	1093.986730838893
414.81614650186657	1096.6369730431086
416.1179754660542	1099.2894974767332
417.4206187726997	1101.9443015685258
418.72407444362796	1104.6013827527704
420.0283405123485	1107.2607384692608
421.33341502396115	1109.9223661632993
422.6392960350596	1112.5862632856854
423.9459816136326	1115.2524272927053
425.25346983897276	1117.9208556461263
426.56175880157645	1120.5915458131797
427.8708466030599	1123.264495266567
429.1807313560598	1125.9397014844349
430.491411184145	1128.6171619503752
431.8028842217274	1131.2968741534141
433.11514861397075	1133.9788355879996
434.42820251670355	1136.663043753996
435.7420440963317	1139.3494961566696
437.05667152994744	1142.0381903072737
438.37208300446207	1144.7291237206794
439.68827671769367	1147.422293918898
441.0052508775009	1150.1176984287201
442.32300370189716	1152.8153347822895
443.64153341896605	1155.5152005170953
444.96083826678364	1158.2172931759644
446.28091649333356	1160.9216103070462
447.60176635643165	1163.628149463807
448.92338612364284	1166.3369082050156
450.2457740722064	1169.0478840947353
451.56892848895757	1171.7610747023136
452.8928476702504	1174.47647760237
454.21752992188243	1177.1940903747889
455.54297355902014	1179.9139106047019
456.86917690612273	1182.6359358824843
458.1961382968725	1185.3601638037446
459.5238560740972	1188.0865919693053
460.8523285897019	1190.8152179852011
462.181554204595	1193.5460394626634
463.5115312886192	1196.279054018111
464.84225822048137	1199.0142592731388
466.1737333876808	1201.7516528545043
467.5059551864446	1204.4912323941232
468.838922021657	1207.232995529049
470.17263230679214	1209.9769399014701
471.50708446384874	1212.7230631586942
472.8422769232835	1215.471362953137
474.17820812394535	1218.2218369423153
475.51487651301056	1220.9744827888283
476.8522805459199	1223.7292981603548
478.1904186863143	1226.4862807296333
479.52928940597224	1229.2454281744594
480.86889118474676	1232.006738177667
482.2092225105052	1234.7702084271214
483.550281879066	1237.5358366157034
484.89206779414167	1240.303620441305
486.2345787672747	1243.073557606809
487.57781331778114	1245.8456458200849
488.9217699726915	1248.6198827939747
490.2664472666913	1251.396266246282
491.6118437420652	1254.1747938997557
492.95795794863653	1256.9554634820847
494.3047884437157	1259.738272725886
495.6523337920405	1262.5232193686886
497.0005925657203	1265.3103011529224
498.34956334418405	1268.0995158259122
499.69924471412384	1270.8908611398613
501.04963526944033	1273.6843348518394
502.4007336111903	1276.4799347237715
503.75253834753437	1279.277658522431
505.1050480936831	1282.0775040194196
506.45826147184476	1284.8794689911608
507.81217711117733	1287.6835512188918
509.16679364773114	1290.4897484886392
510.5221097244051	1293.298058591223
511.878123990891	1296.108479322232
513.23483510363	1298.921008482022
514.5922417257544	1301.7356438756917
515.9503425270499	1304.5523833130876
517.309136183899	1307.371224608778
518.6686213794592	1310.192165582724
520.0287968027246	1313.0152040575617
521.3896611498132	1315.8403378626442
522.7512131230343	1318.667564831334
524.1134514310594	1321.4968828016583
525.4763747888802	1324.3282896162998
526.8399819177623	1327.161783122589
528.2042715451998	1329.9973611724872
529.5692424048719	1332.8350216225776
530.9348932365988	1335.6747623340539
532.3012227862948	1338.5165811727036
533.6682298059327	1341.3604760089065
535.0359130534905	1344.206444717611
536.4042712929183	1347.0544851783304
537.7733032940906	1349.904595275129
539.1430078327664	1352.7567728966092
540.513383690548	1355.6110159359025
541.8844296548391	1358.4673222906533
543.2561445188052	1361.325689863014
544.6285270813331	1364.1861165596258
546.0015761469891	1367.048600291612
547.3752905259842	1369.9131389745664
548.7496690341285	1372.7797305285387
550.124710492796	1375.6483728780208
551.5004137288876	1378.5190639519467
552.8767775747899	1381.391801683669
554.253800868337	1384.266584010948
555.6314824527763	1387.143408875949
557.0098211767278	1390.0222742252206
558.3888158941502	1392.903178009692
559.7684654643018	1395.7861181846542
561.1487687517053	1398.6710927097515
562.5297246261117	1401.5580995489693
563.9113319624671	1404.447136670628
565.2935896408724	1407.3382020473614
566.6764965465512	1410.2312936561107
568.060051569817	1413.1264094781163
569.4442536060354	1416.0235474989024
570.8291015555916	1418.9227057082626
572.2145943238559	1421.8238821002565
573.600730821152	1424.727074673192
574.98750996272	1427.632281429616
576.3749306686885	1430.5395003763017
577.7629918640367	1433.4487295242398
579.1516924785656	1436.3599668886254
580.5410314468664	1439.2732104888498
581.9310077082848	1442.1884583484837
583.321620206892	1445.1057084952686
584.7128678914532	1448.0249589611058
586.1047497153967	1450.946207782047
587.4972646367821	1453.8694529982797
588.8904116182728	1456.7946926541213
590.2841896271001	1459.7219247979995
591.6785976350377	1462.6511474824472
593.0736346183717	1465.5823587640928
594.4692995578688	1468.515556703645
595.8655914387482	1471.4507393658805
597.2625092506531	1474.387904819639
598.6600519876225	1477.3270511378103
600.0582186480596	1480.2681763973183
601.4570082347058	1483.2112786791126
602.8564197546131	1486.1563560681632
604.2564522191153	1489.1034066534417
605.6571046437995	1492.0524285279137
607.0583760484814	1495.0034197885304
608.4602654571738	1497.9563785362102
609.8627718980658	1500.9113028758404
611.2658944034888	1503.868190916249
612.669632009896	1506.8270407702107
614.0739837578334	1509.7878505544286
615.4789486919137	1512.7506183895214
616.8845258607909	1515.7153424000153
618.2907143171345	1518.6820207143348
619.6975131176059	1521.6506514647922
621.104921322828	1524.6212327875694
622.5129379973666	1527.5937628227196
623.9215622097004	1530.568239714144
625.3307930322001	1533.5446616095924
626.740629541101	1536.523026660645
628.1510708164814	1539.503333022706
629.562115942236	1542.4855788549894
630.9737640060534	1545.4697623205122
632.3860140993929	1548.4558815860828
633.7988653174609	1551.44393482229
635.2123167591856	1554.4339202034917
636.6263675271957	1557.4258359078058
638.0410167277981	1560.4196801171013
639.4562634709538	1563.4154510169835
640.8721068702552	1566.4131467967882
642.2885460429058	1569.4127656495727
643.7055801096938	1572.4143057720948
645.1232081949764	1575.4177653648212
646.5414294266511	1578.4231426318963
647.9602429361373	1581.4304357811445
649.3796478583577	1584.4396430240636
650.7996433317116	1587.450762575804
652.2202284980556	1590.4637926551625
653.641402502683	1593.4787314845732
655.0631644943055	1596.495577290102
656.4855136250266	1599.5143283014258
657.9084490503276	1602.5349827518357
659.3319699290411	1605.5575388782115
660.7560754233347	1608.5819949210254
662.180764698692	1611.6083491243282
663.6060369238886	1614.6365997357352
665.0318912709736	1617.6667450064183
666.4583269152535	1620.6987831911013
667.885343035267	1623.7327125480401
669.3129388127729	1626.7685313390273
670.7411134327223	1629.8062378293641
672.1698660832466	1632.8458302878669
673.5991959556353	1635.8873069868473
675.0291022443196	1638.9306662021106
676.4595841468506	1641.975906212936
677.8906408638832	1645.0230253020773
679.3222715991573	1648.072021755745
680.7544755594802	1651.1228938636045
682.1872519547061	1654.175639918759
683.6205999977233	1657.230258217745
685.0545189044293	1660.2867470605206
686.4890078937202	1663.3451047504557
687.9240661874683	1666.4053295943256
689.3596930105083	1669.4674199022988
690.7958875906165	1672.531373987928
692.232649158497	1675.59719016814
693.669976947761	1678.6648667632273
695.1078701949165	1681.7344020968435
696.546328139344	1684.8057944959842
697.9853500232829	1687.8790422909815
699.4249350918186	1690.954143815505
700.8650825928596	1694.0310974065337
702.3057917771267	1697.1099014043632
703.747061898133	1700.1905541525846
705.1888922121723	1703.2730539980892
706.6312819782993	1706.3573992910458
708.0742304583144	1709.443588384898
709.5177369167507	1712.5316196363535
710.9618006208557	1715.6214914053778
712.4064208405763	1718.7132020551803
713.8515968485451	1721.8067499522112
715.2973279200645	1724.9021334661484
716.7436133330901	1727.999350969888
718.1904523682191	1731.0984008395433
719.6378443086693	1734.1992814544194
721.085788440273	1737.301991197024
722.5342840514561	1740.4065284530477
723.9833304332235	1743.512891611353
725.432926879148	1746.621079063971
726.883072685356	1749.7310892060962
728.3337671505084	1752.8429204360632
729.7850095757918	1755.9565711553582
731.236799264902	1759.0720397685905
732.6891355240299	1762.189324683496
734.1420176618494	1765.3084243109292
735.5954449895028	1768.4293370648484
737.0494168205846	1771.5520613623053
738.5039324711339	1774.676595623451
739.9589912596147	1777.8029382715083
741.414592506906	1780.9310877327764
742.8707355362895	1784.0610424366205
744.3274196734326	1787.1928008154553
745.7846442463772	1790.3263613047454
747.2424085855303	1793.4617223429984
748.7007120236464	1796.5988823717482
750.1595538958153	1799.7378398355495
751.618933539451	1802.8785931819748
753.0788502942786	1806.0211408615962
754.5393035023228	1809.1654813279908
756.0002925078932	1812.3116130377198
757.4618166575736	1815.4595344503255
758.9238753002093	1818.609244028324
760.386467786894	1821.760740237195
761.8495934709601	1824.9140215453742
763.3132517079665	1828.0690864242504
764.7774418556822	1831.2259333481463
766.2421632740798	1834.3845607943185
767.7074153253221	1837.5449672429495
769.1731973737485	1840.7071511771373
770.6395087858679	1843.87111108289
772.1063489303395	1847.0368454491095
773.573717177973	1850.2043527675994
775.0416129017036	1853.3736315330395
776.5100354765913	1856.5446802429897
777.9789842798056	1859.7174973978797
779.4484586906144	1862.8920815009967
780.9184580903737	1866.0684310584857
782.3889818625164	1869.246544579335
783.8600293925393	1872.4264205753661
785.3316000679988	1875.6080575612386
786.8036932784903	1878.7914540544268
788.2763084156468	1881.976608575222
789.7494448731233	1885.1635196467266
791.2231020465864	1888.352185794834
792.6972793337054	1891.5426055482353
794.1719761341429	1894.7347774384054
795.6471918495413	1897.9286999995923
797.1229258835147	1901.124371768815
798.5991776416381	1904.3217912858538
800.0759465314371	1907.520957093242
801.5532319623793	1910.7218677362616
803.0310333458622	1913.924521762929
804.5093500952055	1917.1289177239962
805.9881816256393	1920.3350541729408